4673683
7805772
7024547
2475813
6244085
4635526
4638055
7749312
3009665
9668744
3348163
3474619
6379236
6706119
8320446
7237851
5453798
6691154
9762721
4477847
4767437
1883503
4155793
5698515
3873090
6359104
1226095
3681907
3522260
4572950
5325134
8547490
8987998
8683564
1518488
8652794
2781523
9597228
5240074
6415651
9720579
2156720
5328201
2238693
1337249
8212589
6032349
1382371
2894015
8986591
1556760
5201770
2883841
7147926
8919015
4369030
2854050
5372108
8528822
6361177
3060886
1867884
6200588
5594493
7118152
9802915
3850927
2723198
6446193
4587211
8222248
5434974
7861833
9908203
1610648
7398091
2522203
8399968
4158040
4456840
1580683
2553623
8034239
5587045
8386147
5782084
3319544
5702671
1138455
6998764
1160994
3075650
1098479
7161067
8380910
1284332
2550529
3038070
4055199
8021601